% -------------------------------------------------------------------
%  Generated by MATLAB on 23-Jan-2015 00:43:27
%  MATLAB version: 8.3.0.532 (R2014a)
% -------------------------------------------------------------------
                                      

wenbo = ...
  [0 0 0;
   0.062622429108514954 0 0;
   0.08856148855400954 0 0;
   0.10846522890932808 0 0;
   0.12524485821702991 0 0;
   0.140028008402801 0 0;
   0.15339299776947407 0 0;
   0.16568337391590282 0 0;
   0.17712297710801908 0 0;
   0.18786728732554486 0 0;
   0.19802950859533489 0 0;
   0.20769510081357428 0 0;
   0.21693045781865616 0 0;
   0.22578837914485933 0 0;
   0.23431167445160245 0 0;
   0.242535625036333 0 0;
   0.25048971643405982 0 0;
   0.25819888974716115 0 0;
   0.26568446566202858 0 0;
   0.27296484008305655 0 0;
   0.280056016805602 0 0;
   0.28697202159177571 0.0042372881355932229 0;
   0.293725228409004 0.0084745762711864459 0;
   0.30032661958503204 0.012711864406779669 0;
   0.30678599553894814 0.016949152542372892 0;
   0.31311214554257477 0.0211864406779661 0;
   0.31931298801289854 0.025423728813559324 0;
   0.3253956867279843 0.029661016949152547 0;
   0.33136674783180564 0.03389830508474577 0;
   0.33723210137245008 0.038135593220338992 0;
   0.34299717028501769 0.0423728813559322 0;
   0.34866692910423897 0.046610169491525438 0;
   0.35424595421603816 0.050847457627118647 0;
   0.35973846709225071 0.055084745762711856 0;
   0.36514837167011077 0.059322033898305093 0;
   0.37047928681747422 0.0635593220338983 0;
   0.37573457465108973 0.067796610169491539 0;
   0.38091736533753129 0.072033898305084748 0;
   0.38603057889646158 0.076271186440677957 0;
   0.39107694443752145 0.0805084745762712 0;
   0.39605901719066977 0.0847457627118644 0;
   0.40097919363165241 0.08898305084745764 2.143347050754458E-5;
   0.40583972495671389 0.093220338983050849 8.573388203017832E-5;
   0.41064272912154692 0.097457627118644058 0.00019290123456790122;
   0.41539020162714857 0.10169491525423729 0.00034293552812071328;
   0.420084025208403 0.1059322033898305 0.00053583676268861456;
   0.4247259785588175 0.11016949152542374 0.0007716049382716049;
   0.42931774420607877 0.11440677966101695 0.0010502400548696846;
   0.43386091563731233 0.11864406779661019 0.0013717421124828531;
   0.43835700375960468 0.1228813559322034 0.001736111111111111;
   0.44280744277004769 0.1271186440677966 0.0021433470507544582;
   0.447213595499958 0.13135593220338984 0.0025934499314128946;
   0.45157675828971866 0.13559322033898305 0.0030864197530864196;
   0.45589816544366785 0.13983050847457629 0.0036222565157750346;
   0.46017899330842227 0.1440677966101695 0.0042009602194787382;
   0.464420364012824 0.14830508474576271 0.0048225308641975315;
   0.46862334890320489 0.15254237288135594 0.0054869684499314125;
   0.47278897170376755 0.15677966101694915 0.0061942729766803839;
   0.47691821142849733 0.16101694915254239 0.0069444444444444441;
   0.48101200506807296 0.1652542372881356 0.0077374828532235937;
   0.485071250072666 0.16949152542372881 0.0085733882030178329;
   0.4890968066492663 0.17372881355932202 0.0094521604938271591;
   0.49308949989019318 0.17796610169491528 0.010373799725651578;
   0.49705012174770846 0.18220338983050849 0.011338305898491084;
   0.50097943286811963 0.1864406779661017 0.012345679012345678;
   0.50487816429740129 0.19067796610169491 0.013395919067215364;
   0.50874701906916842 0.19491525423728812 0.014489026063100138;
   0.51258667368476885 0.19915254237288138 0.015625;
   0.51639777949432231 0.20338983050847459 0.016803840877914953;
   0.52018096398668578 0.2076271186440678 0.018025548696844994;
   0.52393683199558383 0.211864406779661 0.019290123456790126;
   0.52766596682846589 0.21610169491525422 0.020597565157750346;
   0.53136893132405716 0.22033898305084748 0.02194787379972565;
   0.53504626884403328 0.22457627118644069 0.023341049382716052;
   0.53869850420376386 0.2288135593220339 0.024777091906721536;
   0.54232614454664052 0.23305084745762711 0.026256001371742114;
   0.5459296801661131 0.23728813559322032 0.027777777777777776;
   0.54950958527920657 0.24152542372881358 0.02934242112482853;
   0.55306631875497225 0.24576271186440679 0.030949931412894375;
   0.55660032480104382 0.25 0.032600308641975308;
   0.560112033611204 0.25423728813559321 0.034293552812071332;
   0.56360186197663453 0.25847457627118642 0.036029663923182444;
   0.56707021386331025 0.26271186440677968 0.037808641975308636;
   0.570517480957798 0.26694915254237289 0.039630486968449931;
   0.57394404318355141 0.2711864406779661 0.041495198902606313;
   0.57735026918962573 0.27542372881355931 0.043402777777777776;
   0.58073651681359284 0.27966101694915252 0.045353223593964334;
   0.58410313352030163 0.28389830508474578 0.04734653635116598;
   0.587450456818008 0.288135593220339 0.049382716049382713;
   0.5907788146532823 0.2923728813559322 0.051461762688614542;
   0.59408852578600457 0.29661016949152541 0.053583676268861458;
   0.59737990014566045 0.30084745762711868 0.055748456790123455;
   0.60065323917006408 0.30508474576271188 0.057956104252400553;
   0.60390883612755764 0.30932203389830509 0.060206618655692733;
   0.60714697642365989 0.3135593220338983 0.0625;
   0.61036793789307375 0.31779661016949151 0.064836248285322362;
   0.61357199107789628 0.32203389830508478 0.067215363511659812;
   0.61675939949282088 0.326271186440678 0.06963734567901235;
   0.61993041987806674 0.33050847457627119 0.072102194787379975;
   0.62308530244072291 0.3347457627118644 0.074609910836762688;
   0.62622429108514954 0.33898305084745761 0.0771604938271605;
   0.62934762363303565 0.34322033898305088 0.079753943758573378;
   0.63245553203367588 0.34745762711864409 0.082390260631001383;
   0.63554824256499287 0.35169491525423729 0.085069444444444448;
   0.63862597602579707 0.3559322033898305 0.0877914951989026;
   0.641688947919748 0.36016949152542371 0.090556412894375868;
   0.64473736863144826 0.364406779661017 0.09336419753086421;
   0.64777144359508088 0.36864406779661019 0.096214849108367625;
   0.6507913734559686 0.3728813559322034 0.099108367626886143;
   0.65379735422541818 0.3771186440677966 0.10204475308641976;
   0.65678957742918531 0.38135593220338981 0.10502400548696846;
   0.65976823024988007 0.38559322033898308 0.10804612482853224;
   0.66273349566361128 0.38983050847457629 0.1111111111111111;
   0.66568555257115269 0.3940677966101695 0.11421896433470508;
   0.66862457592389757 0.39830508474576271 0.11736968449931412;
   0.67155073684485134 0.40254237288135591 0.12056327160493828;
   0.67446420274490015 0.40677966101694918 0.1237997256515775;
   0.677365137434578 0.41101694915254239 0.12707904663923181;
   0.68025370123154472 0.4152542372881356 0.13040123456790123;
   0.68313005106397318 0.41949152542372881 0.13376628943758573;
   0.68599434057003539 0.423728813559322 0.13717421124828533;
   0.68884672019366444 0.42796610169491522 0.140625;
   0.6916873372767639 0.43220338983050843 0.14411865569272977;
   0.69451633614802089 0.43644067796610175 0.14765517832647462;
   0.69733385820847793 0.44067796610169496 0.15123456790123455;
   0.70014004201400493 0.44491525423728817 0.15485682441700963;
   0.7029350233548074 0.44915254237288138 0.15852194787379972;
   0.70571893533210117 0.45338983050847459 0.16222993827160492;
   0.70849190843207632 0.4576271186440678 0.16598079561042525;
   0.71125407059726309 0.461864406779661 0.16977451989026063;
   0.71400554729541665 0.46610169491525422 0.1736111111111111;
   0.716746461586019 0.47033898305084743 0.17749056927297668;
   0.71947693418450143 0.47457627118644063 0.18141289437585734;
   0.72219708352428325 0.47881355932203395 0.18537808641975306;
   0.72490702581671218 0.48305084745762716 0.18938614540466392;
   0.72760687510899891 0.48728813559322037 0.19343707133058985;
   0.73029674334022154 0.49152542372881358 0.19753086419753085;
   0.732976740395481 0.49576271186440679 0.20166752400548696;
   0.73564697415828151 0.5 0.20584705075445817;
