function default = vortex
default = [[0.900000000000000,0.211646250000000,0.200000000000000;0.900000000000000,0.212407500000000,0.200003298872500;0.900000000000000,0.213221250000000,0.200026080950000;0.900000000000000,0.214087500000000,0.200086983400000;0.900000000000000,0.214988750000000,0.200203734125000;0.900000000000000,0.215942500000000,0.200393167250000;0.900000000000000,0.216948750000000,0.200671234375000;0.900000000000000,0.218007500000000,0.201050000000000;0.900000000000000,0.219127500000000,0.201557500000000;0.900000000000000,0.220308750000000,0.202187500000000;0.900000000000000,0.221542500000000,0.202957500000000;0.900000000000000,0.222846250000000,0.203893750000000;0.900000000000000,0.224220000000000,0.204987500000000;0.900000000000000,0.225655000000000,0.206256250000000;0.900000000000000,0.227168750000000,0.207717500000000;0.900000000000000,0.228752500000000,0.209380000000000;0.900000000000000,0.230423750000000,0.211235000000000;0.900000000000000,0.232165000000000,0.213308750000000;0.900000000000000,0.233993750000000,0.215592500000000;0.900000000000000,0.235901250000000,0.218103750000000;0.900000000000000,0.237905000000000,0.220842500000000;0.900000000000000,0.239996250000000,0.223808750000000;0.900000000000000,0.242192500000000,0.227002500000000;0.900000000000000,0.244467500000000,0.230450000000000;0.900000000000000,0.246856250000000,0.234142500000000;0.900000000000000,0.249341250000000,0.238062500000000;0.900000000000000,0.251940000000000,0.242245000000000;0.900000000000000,0.254643750000000,0.246663750000000;0.900000000000000,0.257461250000000,0.251327500000000;0.900000000000000,0.260392500000000,0.256253750000000;0.900000000000000,0.263437500000000,0.261407500000000;0.900000000000000,0.266605000000000,0.266815000000000;0.900000000000000,0.269903750000000,0.272467500000000;0.900000000000000,0.273316250000000,0.278347500000000;0.900000000000000,0.276868750000000,0.284472500000000;0.900000000000000,0.280552500000000,0.290833750000000;0.900000000000000,0.284358750000000,0.297422500000000;0.900000000000000,0.288305000000000,0.304238750000000;0.900000000000000,0.292391250000000,0.311282500000000;0.900000000000000,0.296617500000000,0.318536250000000;0.900000000000000,0.300992500000000,0.326008750000000;0.900000000000000,0.305507500000000,0.333682500000000;0.900000000000000,0.310171250000000,0.341557500000000;0.900000000000000,0.314992500000000,0.349625000000000;0.900000000000000,0.319953750000000,0.357885000000000;0.900000000000000,0.325063750000000,0.366320000000000;0.900000000000000,0.330331250000000,0.374930000000000;0.900000000000000,0.335747500000000,0.383706250000000;0.900000000000000,0.341330000000000,0.392648750000000;0.900000000000000,0.347052500000000,0.401731250000000;0.900000000000000,0.352941250000000,0.410962500000000;0.900000000000000,0.358987500000000,0.420316250000000;0.900000000000000,0.365182500000000,0.429810000000000;0.900000000000000,0.371543750000000,0.439408750000000;0.900000000000000,0.378053750000000,0.449112500000000;0.900000000000000,0.384712500000000,0.458921250000000;0.900000000000000,0.391537500000000,0.468817500000000;0.900000000000000,0.398502500000000,0.478792500000000;0.900000000000000,0.405633750000000,0.488837500000000;0.900000000000000,0.412905000000000,0.498943750000000;0.900000000000000,0.420316250000000,0.509093750000000;0.900000000000000,0.427885000000000,0.519287500000000;0.900000000000000,0.435585000000000,0.529507500000000;0.900000000000000,0.443433750000000,0.539745000000000;0.900000000000000,0.451413750000000,0.550000000000000;0.900000000000000,0.459516250000000,0.560255000000000;0.900000000000000,0.467758750000000,0.570492500000000;0.900000000000000,0.476123750000000,0.580712500000000;0.900000000000000,0.484602500000000,0.590906250000000;0.900000000000000,0.493195000000000,0.601056250000000;0.900000000000000,0.501892500000000,0.611162500000000;0.900000000000000,0.510703750000000,0.621207500000000;0.900000000000000,0.519602500000000,0.631182500000000;0.900000000000000,0.528597500000000,0.641078750000000;0.900000000000000,0.537671250000000,0.650887500000000;0.900000000000000,0.546832500000000,0.660591250000000;0.900000000000000,0.556055000000000,0.670190000000000;0.900000000000000,0.565347500000000,0.679683750000000;0.900000000000000,0.574683750000000,0.689037500000000;0.900000000000000,0.584072500000000,0.698268750000000;0.900000000000000,0.593496250000000,0.707351250000000;0.900000000000000,0.602955000000000,0.716293750000000;0.900000000000000,0.612431250000000,0.725070000000000;0.900000000000000,0.621925000000000,0.733680000000000;0.900000000000000,0.631418750000000,0.742115000000000;0.900000000000000,0.640912500000000,0.750375000000000;0.900000000000000,0.650371250000000,0.758442500000000;0.900000000000000,0.659812500000000,0.766317500000000;0.900000000000000,0.669227500000000,0.773991250000000;0.900000000000000,0.678581250000000,0.781463750000000;0.900000000000000,0.687882500000000,0.788717500000000;0.900000000000000,0.697122500000000,0.795761250000000;0.900000000000000,0.706275000000000,0.802577500000000;0.900000000000000,0.715340000000000,0.809166250000000;0.900000000000000,0.724308750000000,0.815527500000000;0.900000000000000,0.733163750000000,0.821652500000000;0.900000000000000,0.741896250000000,0.827532500000000;0.900000000000000,0.750497500000000,0.833185000000000;0.900000000000000,0.758967500000000,0.838592500000000;0.900000000000000,0.767262500000000,0.843746250000000;0.900000000000000,0.775408750000000,0.848672500000000;0.900000000000000,0.783371250000000,0.853336250000000;0.900000000000000,0.791158750000000,0.857755000000000;0.900000000000000,0.798745000000000,0.861937500000000;0.900000000000000,0.806121250000000,0.865857500000000;0.900000000000000,0.813287500000000,0.869550000000000;0.900000000000000,0.820217500000000,0.872997500000000;0.900000000000000,0.826928750000000,0.876191250000000;0.900000000000000,0.833386250000000,0.879157500000000;0.900000000000000,0.839590000000000,0.881896250000000;0.900000000000000,0.845531250000000,0.884407500000000;0.900000000000000,0.851210000000000,0.886691250000000;0.900000000000000,0.856608750000000,0.888765000000000;0.900000000000000,0.861710000000000,0.890620000000000;0.900000000000000,0.866522500000000,0.892282500000000;0.900000000000000,0.871037500000000,0.893743750000000;0.900000000000000,0.875246250000000,0.895012500000000;0.900000000000000,0.879140000000000,0.896106250000000;0.900000000000000,0.882718750000000,0.897042500000000;0.900000000000000,0.885965000000000,0.897812500000000;0.900000000000000,0.888887500000000,0.898442500000000;0.900000000000000,0.891477500000000,0.898950000000000;0.900000000000000,0.893726250000000,0.899326250000000;0.900000000000000,0.895642500000000,0.899606250000000;0.900000000000000,0.897208750000000,0.899798750000000;0.900000000000000,0.898425000000000,0.899912500000000;0.900000000000000,0.899300000000000,0.899973750000000;0.900000000000000,0.899825000000000,0.900000000000000;0.900000000000000,0.900000000000000,0.900000000000000;0.899973750000000,0.899825000000000,0.900000000000000;0.899912500000000,0.899300000000000,0.900000000000000;0.899798750000000,0.898425000000000,0.900000000000000;0.899606250000000,0.897208750000000,0.900000000000000;0.899326250000000,0.895642500000000,0.900000000000000;0.898950000000000,0.893726250000000,0.900000000000000;0.898442500000000,0.891477500000000,0.900000000000000;0.897812500000000,0.888887500000000,0.900000000000000;0.897042500000000,0.885965000000000,0.900000000000000;0.896106250000000,0.882718750000000,0.900000000000000;0.895012500000000,0.879140000000000,0.900000000000000;0.893743750000000,0.875246250000000,0.900000000000000;0.892282500000000,0.871037500000000,0.900000000000000;0.890620000000000,0.866522500000000,0.900000000000000;0.888765000000000,0.861710000000000,0.900000000000000;0.886691250000000,0.856608750000000,0.900000000000000;0.884407500000000,0.851210000000000,0.900000000000000;0.881896250000000,0.845531250000000,0.900000000000000;0.879157500000000,