function default = vortex
g2b=[0.21165	0.2	0.9
0.21241	0.2	0.9
0.21322	0.20003	0.9
0.21409	0.20009	0.9
0.21499	0.2002	0.9
0.21594	0.20039	0.9
0.21695	0.20067	0.9
0.21801	0.20105	0.9
0.21913	0.20156	0.9
0.22031	0.20219	0.9
0.22154	0.20296	0.9
0.22285	0.20389	0.9
0.22422	0.20499	0.9
0.22565	0.20626	0.9
0.22717	0.20772	0.9
0.22875	0.20938	0.9
0.23042	0.21124	0.9
0.23217	0.21331	0.9
0.23399	0.21559	0.9
0.2359	0.2181	0.9
0.23791	0.22084	0.9
0.24	0.22381	0.9
0.24219	0.227	0.9
0.24447	0.23045	0.9
0.24686	0.23414	0.9
0.24934	0.23806	0.9
0.25194	0.24224	0.9
0.25464	0.24666	0.9
0.25746	0.25133	0.9
0.26039	0.25625	0.9
0.26344	0.26141	0.9
0.2666	0.26682	0.9
0.2699	0.27247	0.9
0.27332	0.27835	0.9
0.27687	0.28447	0.9
0.28055	0.29083	0.9
0.28436	0.29742	0.9
0.2883	0.30424	0.9
0.29239	0.31128	0.9
0.29662	0.31854	0.9
0.30099	0.32601	0.9
0.30551	0.33368	0.9
0.31017	0.34156	0.9
0.31499	0.34963	0.9
0.31995	0.35789	0.9
0.32506	0.36632	0.9
0.33033	0.37493	0.9
0.33575	0.38371	0.9
0.34133	0.39265	0.9
0.34705	0.40173	0.9
0.35294	0.41096	0.9
0.35899	0.42032	0.9
0.36518	0.42981	0.9
0.37154	0.43941	0.9
0.37805	0.44911	0.9
0.38471	0.45892	0.9
0.39154	0.46882	0.9
0.3985	0.47879	0.9
0.40563	0.48884	0.9
0.41291	0.49894	0.9
0.42032	0.50909	0.9
0.42789	0.51929	0.9
0.43559	0.52951	0.9
0.44343	0.53975	0.9
0.45141	0.55	0.9
0.45952	0.56025	0.9
0.46776	0.57049	0.9
0.47612	0.58071	0.9
0.4846	0.59091	0.9
0.49319	0.60106	0.9
0.50189	0.61116	0.9
0.5107	0.62121	0.9
0.5196	0.63118	0.9
0.5286	0.64108	0.9
0.53767	0.65089	0.9
0.54683	0.66059	0.9
0.55605	0.67019	0.9
0.56535	0.67968	0.9
0.57468	0.68904	0.9
0.58407	0.69827	0.9
0.5935	0.70735	0.9
0.60296	0.71629	0.9
0.61243	0.72507	0.9
0.62192	0.73368	0.9
0.63142	0.74211	0.9
0.64091	0.75038	0.9
0.65037	0.75844	0.9
0.65981	0.76632	0.9
0.66923	0.77399	0.9
0.67858	0.78146	0.9
0.68788	0.78872	0.9
0.69712	0.79576	0.9
0.70627	0.80258	0.9
0.71534	0.80917	0.9
0.72431	0.81553	0.9
0.73316	0.82165	0.9
0.7419	0.82753	0.9
0.7505	0.83318	0.9
0.75897	0.83859	0.9
0.76726	0.84375	0.9
0.77541	0.84867	0.9
0.78337	0.85334	0.9
0.79116	0.85776	0.9
0.79875	0.86194	0.9
0.80612	0.86586	0.9
0.81329	0.86955	0.9
0.82022	0.873	0.9
0.82693	0.87619	0.9
0.83339	0.87916	0.9
0.83959	0.8819	0.9
0.84553	0.88441	0.9
0.85121	0.88669	0.9
0.85661	0.88877	0.9
0.86171	0.89062	0.9
0.86652	0.89228	0.9
0.87104	0.89374	0.9
0.87525	0.89501	0.9
0.87914	0.89611	0.9
0.88272	0.89704	0.9
0.88597	0.89781	0.9
0.88889	0.89844	0.9
0.89148	0.89895	0.9
0.89373	0.89933	0.9
0.89564	0.89961	0.9
0.89721	0.8998	0.9
0.89843	0.89991	0.9
0.8993	0.89997	0.9
0.89982	0.9	0.9
0.9	0.9	0.9
0.89982	0.9	0.89997
0.8993	0.9	0.89991
0.89843	0.9	0.8998
0.89721	0.9	0.89961
0.89564	0.9	0.89933
0.89373	0.9	0.89895
0.89148	0.9	0.89844
0.88889	0.9	0.89781
0.88597	0.9	0.89704
0.88272	0.9	0.89611
0.87914	0.9	0.89501
0.87525	0.9	0.89374
0.87104	0.9	0.89228
0.86652	0.9	0.89062
0.86171	0.9	0.88877
0.85661	0.9	0.88669
0.85121	0.9	0.88441
0.84553	0.9	0.8819
0.83959	0.9	0.87916
0.83339	0.9	0.87619
0.82693	0.9	0.873
0.82022	0.9	0.86955
0.81329	0.9	0.86586
0.80612	0.9	0.86194
0.79875	0.9	0.85776
0.79116	0.9	0.85334
0.78337	0.9	0.84867
0.77541	0.9	0.84375
0.76726	0.9	0.83859
0.75897	0.9	0.83318
0.7505	0.9	0.82753
0.7419	0.9	0.82165
0.73316	0.9	0.81553
0.72431	0.9	0.80917
0.71534	0.9	0.80258
0.70627	0.9	0.79576
0.69712	0.9	0.78872
0.68788	0.9	0.78146
0.67858	0.9	0.77399
0.66923	0.9	0.76632
0.65981	0.9	0.75844
0.65037	0.9	0.75038
0.64091	0.9	0.74211
0.63142	0.9	0.73368
0.62192	0.9	0.72507
0.61243	0.9	0.71629
0.60296	0.9	0.70735
0.5935	0.9	0.69827
0.58407	0.9	0.68904
0.57468	0.9	0.67968
0.56535	0.9	0.67019
0.55605	0.9	0.66059
0.54683	0.9	0.65089
0.53767	0.9	0.64108
0.5286	0.9	0.63118
0.5196	0.9	0.62121
0.5107	0.9	0.61116
0.50189	0.9	0.60106
0.49319	0.9	0.59091
0.4846	0.9	0.58071
0.47612	0.9	0.57049
0.46776	0.9	0.56025
0.45952	0.9	0.55
0.45141	0.9	0.53975
0.44343	0.9	0.52951
0.43559	0.9	0.51929
0.42789	0.9	0.50909
0.42032	0.9	0.49894
0.41291	0.9	0.48884
0.40563	0.9	0.47879
0.3985	0.9	0.46882
0.39154	0.9	0.45892
0.38471	0.9	0.44911
0.37805	0.9	0.43941
0.37154	0.9	0.42981
0.36518	0.9	0.42032
0.35899	0.9	0.41096
0.35294	0.9	0.40173
0.34705	0.9	0.39265
0.34133	0.9	0.38371
0.33575	0.9	0.37493
0.33033	0.9	0.36632
0.32506	0.9	0.35789
0.31995	0.9	0.34963
0.31499	0.9	0.34156
0.31017	0.9	0.33368
0.30551	0.9	0.32601
0.30099	0.9	0.31854
0.29662	0.9	0.31128
0.29239	0.9	0.30424
0.2883	0.9	0.29742
0.28436	0.9	0.29083
0.28055	0.9	0.28447
0.27687	0.9	0.27835
0.27332	0.9	0.27247
0.2699	0.9	0.26682
0.2666	0.9	0.26141
0.26344	0.9	0.25625
0.26039	0.9	0.25133
0.25746	0.9	0.24666
0.25464	0.9	0.24224
0.25194	0.9	0.23806
0.24934	0.9	0.23414
0.24686	0.9	0.23045
0.24447	0.9	0.227
0.24219	0.9	0.22381
0.24	0.9	0.22084
0.23791	0.9	0.2181
0.2359	0.9	0.21559
0.23399	0.9	0.21331
0.23217	0.9	0.21124
0.23042	0.9	0.20938
0.22875	0.9	0.20772
0.22717	0.9	0.20626
0.22565	0.9	0.20499
0.22422	0.9	0.20389
0.22285	0.9	0.20296
0.22154	0.9	0.20219
0.22031	0.9	0.20156
0.21913	0.9	0.20105
0.21801	0.9	0.20067
0.21695	0.9	0.20039
0.21594	0.9	0.2002
0.21499	0.9	0.20009
0.21409	0.9	0.20003
0.21322	0.9	0.2
0.21241	0.9	0.2];

