function default = vortex
default = [ 0         0         0
    0.0149         0         0
    0.0297         0         0
    0.0446         0         0
    0.0595         0         0
    0.0743         0         0
    0.0892         0         0
    0.1044         0         0
    0.1209         0         0
    0.1373         0         0
    0.1538         0         0
    0.1703         0         0
    0.1867         0         0
    0.2032         0         0
    0.2196         0         0
    0.2361         0         0
    0.2525         0         0
    0.2656         0         0
    0.2778    0.0004         0
    0.2901    0.0032         0
    0.3023    0.0060         0
    0.3146    0.0088         0
    0.3268    0.0116         0
    0.3391    0.0143         0
    0.3513    0.0171         0
    0.3635    0.0199         0
    0.3758    0.0227         0
    0.3880    0.0255         0
    0.4003    0.0283         0
    0.4125    0.0310         0
    0.4248    0.0338         0
    0.4370    0.0366         0
    0.4493    0.0394         0
    0.4615    0.0422         0
    0.4738    0.0449         0
    0.4860    0.0477         0
    0.4983    0.0505         0
    0.5105    0.0533         0
    0.5200    0.0561         0
    0.5255    0.0589         0
    0.5310    0.0616         0
    0.5365    0.0644         0
    0.5421    0.0673         0
    0.5476    0.0720         0
    0.5531    0.0767         0
    0.5586    0.0814         0
    0.5642    0.0861         0
    0.5697    0.0908         0
    0.5752    0.0954         0
    0.5807    0.1001         0
    0.5863    0.1048         0
    0.5918    0.1095         0
    0.5973    0.1142         0
    0.6028    0.1189         0
    0.6083    0.1236         0
    0.6139    0.1283         0
    0.6194    0.1329         0
    0.6249    0.1376         0
    0.6304    0.1423         0
    0.6360    0.1470         0
    0.6415    0.1517         0
    0.6471    0.1564         0
    0.6527    0.1611         0
    0.6583    0.1658         0
    0.6638    0.1704         0
    0.6694    0.1751         0
    0.6749    0.1798         0
    0.6805    0.1845         0
    0.6861    0.1892         0
    0.6916    0.1939         0
    0.6972    0.1988         0
    0.7028    0.2037         0
    0.7083    0.2086         0
    0.7139    0.2134         0
    0.7195    0.2183         0
    0.7250    0.2232         0
    0.7306    0.2281         0
    0.7361    0.2330         0
    0.7413    0.2378         0
    0.7453    0.2427         0
    0.7492    0.2476         0
    0.7531    0.2525         0
    0.7570    0.2574         0
    0.7609    0.2622         0
    0.7648    0.2671         0
    0.7687    0.2720         0
    0.7726    0.2776         0
    0.7765    0.2831    0.0035
    0.7805    0.2887    0.0075
    0.7844    0.2942    0.0115
    0.7883    0.2997    0.0154
    0.7922    0.3053    0.0194
    0.7961    0.3108    0.0234
    0.8000    0.3164    0.0274
    0.8039    0.3219    0.0314
    0.8078    0.3275    0.0354
    0.8117    0.3330    0.0394
    0.8157    0.3386    0.0434
    0.8196    0.3441    0.0474
    0.8235    0.3497    0.0514
    0.8274    0.3552    0.0554
    0.8313    0.3607    0.0594
    0.8352    0.3663    0.0634
    0.8391    0.3718    0.0673
    0.8430    0.3774    0.0713
    0.8469    0.3829    0.0753
    0.8499    0.3885    0.0793
    0.8529    0.3940    0.0833
    0.8559    0.3996    0.0873
    0.8589    0.4051    0.0914
    0.8619    0.4106    0.0955
    0.8650    0.4162    0.0997
    0.8680    0.4219    0.1038
    0.8710    0.4276    0.1080
    0.8740    0.4333    0.1121
    0.8770    0.4390    0.1162
    0.8800    0.4447    0.1204
    0.8830    0.4505    0.1245
    0.8861    0.4562    0.1287
    0.8891    0.4619    0.1328
    0.8921    0.4676    0.1370
    0.8951    0.4733    0.1411
    0.8981    0.4790    0.1453
    0.9011    0.4848    0.1494
    0.9041    0.4905    0.1536
    0.9071    0.4962    0.1577
    0.9102    0.5019    0.1618
    0.9132    0.5076    0.1660
    0.9154    0.5133    0.1701
    0.9175    0.5191    0.1741
    0.9196    0.5248    0.1781
    0.9218    0.5305    0.1822
    0.9239    0.5362    0.1862
    0.9260    0.5419    0.1903
    0.9281    0.5476    0.1943
    0.9303    0.5533    0.1984
    0.9324    0.5591    0.2024
    0.9345    0.5648    0.2064
    0.9366    0.5705    0.2105
    0.9388    0.5762    0.2145
    0.9409    0.5821    0.2186
    0.9430    0.5880    0.2226
    0.9451    0.5939    0.2267
    0.9473    0.5998    0.2307
    0.9494    0.6058    0.2347
    0.9515    0.6117    0.2388
    0.9536    0.6176    0.2428
    0.9557    0.6235    0.2469
    0.9579    0.6294    0.2509
    0.9600    0.6353    0.2550
    0.9621    0.6412    0.2598
    0.9643    0.6471    0.2649
    0.9664    0.6531    0.2701
    0.9685    0.6590    0.2752
    0.9706    0.6649    0.2803
    0.9721    0.6708    0.2855
    0.9733    0.6767    0.2906
    0.9746    0.6826    0.2958
    0.9758    0.6885    0.3009
    0.9771    0.6945    0.3061
    0.9783    0.7004    0.3112
    0.9795    0.7063    0.3164
    0.9808    0.7120    0.3215
    0.9820    0.7172    0.3266
    0.9833    0.7223    0.3318
    0.9845    0.7275    0.3373
    0.9858    0.7326    0.3464
    0.9870    0.7378    0.3555
    0.9882    0.7429    0.3646
    0.9895    0.7481    0.3737
    0.9907    0.7532    0.3828
    0.9920    0.7584    0.3919
    0.9932    0.7635    0.4010
    0.9944    0.7687    0.4101
    0.9957    0.7739    0.4192
    0.9969    0.7790    0.4283
    0.9982    0.7842    0.4374
    0.9994    0.7893    0.4465
    1.0000    0.7945    0.4556
    1.0000    0.7996    0.4647
    1.0000    0.8048    0.4737
    1.0000    0.8099    0.4828
    1.0000    0.8151    0.4919
    1.0000    0.8202    0.5010
    1.0000    0.8254    0.5101
    1.0000    0.8305    0.5192
    1.0000    0.8357    0.5283
    1.0000    0.8408    0.5374
    1.0000    0.8460    0.5465
    1.0000    0.8512    0.5557
    1.0000    0.8560    0.5648
    1.0000    0.8593    0.5739
    1.0000    0.8627    0.5831
    1.0000    0.8660    0.5922
    1.0000    0.8694    0.6013
    1.0000    0.8727    0.6105
    1.0000    0.8760    0.6196
    1.0000    0.8794    0.6287
    1.0000    0.8827    0.6379
    1.0000    0.8861    0.6470
    1.0000    0.8894    0.6561
    1.0000    0.8927    0.6652
    1.0000    0.8961    0.6744
    1.0000    0.8994    0.6835
    1.0000    0.9028    0.6926
    1.0000    0.9061    0.7018
    1.0000    0.9094    0.7111
    1.0000    0.9128    0.7203
    1.0000    0.9161    0.7296
    1.0000    0.9194    0.7389
    1.0000    0.9228    0.7482
    1.0000    0.9261    0.7574
    1.0000    0.9291    0.7667
    1.0000    0.9321    0.7760
    1.0000    0.9351    0.7853
    1.0000    0.9381    0.7945
    1.0000    0.9411    0.8038
    1.0000    0.9440    0.8131
    1.0000    0.9470    0.8224
    1.0000    0.9500    0.8316
    1.0000    0.9530    0.8409
    1.0000    0.9559    0.8464
    1.0000    0.9589    0.8512
    1.0000    0.9619    0.8559
    1.0000    0.9649    0.8607
    1.0000    0.9678    0.8655
    1.0000    0.9708    0.8703
    1.0000    0.9738    0.8751
    1.0000    0.9768    0.8798
    1.0000    0.9798    0.8846
    1.0000    0.9827    0.8894
    1.0000    0.9857    0.8942
    1.0000    0.9887    0.8990
    1.0000    0.9917    0.9037
    1.0000    0.9946    0.9085
    1.0000    0.9951    0.9133
    1.0000    0.9956    0.9181
    1.0000    0.9960    0.9229
    1.0000    0.9964    0.9276
    1.0000    0.9968    0.9322
    1.0000    0.9972    0.9364
    1.0000    0.9976    0.9407
    1.0000    0.9980    0.9449
    1.0000    0.9984    0.9491
    1.0000    0.9989    0.9534
    1.0000    0.9993    0.9576
    1.0000    0.9997    0.9619
    1.0000    1.0000    0.9661
    1.0000    1.0000    0.9703
    1.0000    1.0000    0.9746
    1.0000    1.0000    0.9788
    1.0000    1.0000    0.9830
    1.0000    1.0000    0.9873
    1.0000    1.0000    0.9915
    1.0000    1.0000    0.9958
    1.0000    1.0000    1.0000];