function earthandgreen = vortex
earthandgreen = [ 
    0.3061         0         0
    0.3082         0         0
    0.3103         0         0
    0.3125         0         0
    0.3146         0         0
    0.3167         0         0
    0.3188         0         0
    0.3210         0         0
    0.3231         0         0
    0.3252         0         0
    0.3274         0         0
    0.3295         0         0
    0.3316         0         0
    0.3338         0         0
    0.3359         0         0
    0.3380         0         0
    0.3402         0         0
    0.3423         0         0
    0.3444         0         0
    0.3465         0         0
    0.3487         0         0
    0.3508         0         0
    0.3529         0         0
    0.3551         0         0
    0.3572         0         0
    0.3593         0         0
    0.3614         0         0
    0.3636         0         0
    0.3657         0         0
    0.3678         0         0
    0.3700         0         0
    0.3721         0         0
    0.3742         0         0
    0.3764         0         0
    0.3785         0         0
    0.3806         0         0
    0.3827         0         0
    0.3849         0         0
    0.3870         0         0
    0.3891         0         0
    0.3913         0         0
    0.3934         0         0
    0.3955         0         0
    0.3977         0         0
    0.3998         0         0
    0.4019         0         0
    0.4041         0         0
    0.4062         0         0
    0.4083         0         0
    0.4104         0         0
    0.4126         0         0
    0.4147         0         0
    0.4168         0         0
    0.4190         0         0
    0.4211         0         0
    0.4232         0         0
    0.4254         0         0
    0.4275         0         0
    0.4296         0         0
    0.4318         0         0
    0.4339         0         0
    0.4360         0         0
    0.4381         0         0
    0.4403         0         0
    0.4424         0         0
    0.4445         0         0
    0.4467         0         0
    0.4488         0         0
    0.4509         0         0
    0.4531         0         0
    0.4552         0         0
    0.4573         0         0
    0.4595         0         0
    0.4616         0         0
    0.4637         0         0
    0.4658         0         0
    0.4680         0         0
    0.4701         0         0
    0.4722         0         0
    0.4744         0         0
    0.4765         0         0
    0.4786         0         0
    0.4808         0         0
    0.4829    0.0002         0
    0.4850    0.0073         0
    0.4871    0.0145         0
    0.4893    0.0216         0
    0.4914    0.0288         0
    0.4935    0.0360         0
    0.4957    0.0431         0
    0.4978    0.0503         0
    0.4999    0.0574         0
    0.5021    0.0646         0
    0.5042    0.0717         0
    0.5063    0.0789         0
    0.5084    0.0860         0
    0.5106    0.0932         0
    0.5127    0.1003         0
    0.5148    0.1075         0
    0.5170    0.1147         0
    0.5191    0.1218         0
    0.5212    0.1290         0
    0.5233    0.1361         0
    0.5254    0.1433         0
    0.5275    0.1504         0
    0.5297    0.1576         0
    0.5318    0.1647         0
    0.5339    0.1719         0
    0.5360    0.1790         0
    0.5381    0.1862         0
    0.5402    0.1934         0
    0.5424    0.2005         0
    0.5445    0.2077         0
    0.5466    0.2148         0
    0.5487    0.2220         0
    0.5508    0.2291         0
    0.5529    0.2363         0
    0.5551    0.2434         0
    0.5572    0.2506         0
    0.5593    0.2577         0
    0.5614    0.2649         0
    0.5635    0.2721         0
    0.5656    0.2792         0
    0.5677    0.2864         0
    0.5699    0.2935         0
    0.5720    0.3007         0
    0.5741    0.3078         0
    0.5762    0.3150         0
    0.5783    0.3221         0
    0.5804    0.3293         0
    0.5826    0.3365         0
    0.5847    0.3436         0
    0.5868    0.3508         0
    0.5889    0.3579         0
    0.5910    0.3651         0
    0.5931    0.3722         0
    0.5952    0.3794         0
    0.5974    0.3865         0
    0.5995    0.3937         0
    0.6016    0.4008         0
    0.6037    0.4080         0
    0.6058    0.4152         0
    0.6079    0.4223         0
    0.6100    0.4295         0
    0.6122    0.4366         0
    0.6143    0.4438         0
    0.6164    0.4509         0
    0.6185    0.4581         0
    0.6206    0.4652         0
    0.6227    0.4724         0
    0.6249    0.4795         0
    0.6270    0.4867         0
    0.6291    0.4939         0
    0.6312    0.5010         0
    0.6333    0.5082         0
    0.6354    0.5153         0
    0.6375    0.5225         0
    0.6397    0.5296         0
    0.6418    0.5368         0
    0.6439    0.5439         0
    0.6460    0.5511         0
    0.6481    0.5583         0
    0.6502    0.5654         0
    0.6524    0.5726         0
    0.6545    0.5797         0
    0.6566    0.5869         0
    0.6587    0.5940         0
    0.6608    0.6012         0
    0.6629    0.6083         0
    0.6651    0.6155         0
    0.6672    0.6227         0
    0.6693    0.6298         0
    0.6714    0.6370         0
    0.6735    0.6441         0
    0.6756    0.6513         0
    0.6777    0.6584         0
    0.6799    0.6656         0
    0.6820    0.6727         0
    0.6841    0.6799         0
    0.6862    0.6864         0
    0.6883    0.6865         0
    0.6904    0.6867         0
    0.6926    0.6869         0
    0.6947    0.6870         0
    0.6968    0.6872         0
    0.6989    0.6873         0
    0.7010    0.6875         0
    0.7031    0.6876         0
    0.7052    0.6878         0
    0.7074    0.6880         0
    0.7095    0.6881         0
    0.7116    0.6883         0
    0.7137    0.6885         0
    0.7158    0.6886         0
    0.7179    0.6888         0
    0.7200    0.6889         0
    0.7222    0.6891         0
    0.7243    0.6893         0
    0.7264    0.6894         0
    0.7285    0.6896         0
    0.7306    0.6897         0
    0.7327    0.6899         0
    0.7349    0.6900         0
    0.7370    0.6902    0.0019
    0.7391    0.6904    0.0109
    0.7412    0.6905    0.0199
    0.7433    0.6907    0.0288
    0.7454    0.6908    0.0378
    0.7476    0.6910    0.0468
    0.7497    0.6912    0.0557
    0.7518    0.6913    0.0647
    0.7539    0.6915    0.0737
    0.7560    0.6916    0.0826
    0.7581    0.6918    0.0916
    0.7602    0.6919    0.1006
    0.7624    0.6921    0.1095
    0.7645    0.6923    0.1185
    0.7666    0.6924    0.1275
    0.7687    0.6926    0.1364
    0.7708    0.6927    0.1454
    0.7729    0.6929    0.1544
    0.7751    0.6931    0.1633
    0.7772    0.6932    0.1723
    0.7793    0.6934    0.1813
    0.7814    0.6936    0.1902
    0.7835    0.6937    0.1992
    0.7856    0.6939    0.2082
    0.7877    0.6940    0.2171
    0.7899    0.6942    0.2261
    0.7920    0.6943    0.2351
    0.7941    0.6945    0.2440
    0.7962    0.6947    0.2530
    0.7983    0.6948    0.2620
    0.8004    0.6950    0.2709
    0.8025    0.6951    0.2799
    0.8047    0.6953    0.2889
    0.8068    0.6955    0.2978
    0.8089    0.6956    0.3068
    0.8110    0.6958    0.3158
    0.8131    0.6959    0.3247
    0.8152    0.6961    0.3337
    0.8174    0.6963    0.3427
    0.8195    0.6964    0.3516
    0.8216    0.6966    0.3606
    0.8237    0.6967    0.3695
    0.8258    0.6969    0.3785
    0.8279    0.6970    0.3875
    0.8300    0.6972    0.3965
    0.8322    0.6974    0.4054
    0.8343    0.6975    0.4144
    0.8364    0.6977    0.4234
    0.8385    0.6978    0.4323
    0.8406    0.6980    0.4413
    0.8427    0.6982    0.4502
    0.8448    0.6983    0.4592
    0.8470    0.6985    0.4682];